23
31
38
42
43
44
74
79
87
88
93
98
125
162
196
225
227
302
340
349
378
381
485
510
543
546
547
548
552
553
554
556
557
558
559
560
564
622
682
684
685
686
687
688
735
757
764
767
778
830
831
857
858
859
860
861
862
863
864
865
866
867
868
869
870
871
872
873
874
875
876
877
878
879
880
881
882
883
884
885
886
887
888
889
890
891
892
893
894
895
896
897
898
899
900
901
902
903
904
905
906
907
908
909
910
911
912
913
914
915
916
917
918
919
920
921
922
923
924
925
926
927
928
929
930
931
932
933
934
935
936
937
938
941
943
978
1000
1002
1015
1105
1106
1108
1109
1110
1111
1112
1113
1114
1142
1144
1145
1146
1147
1149
1150
1152
1153
1156
1157
1158
1183
1184
1185
1186
1188
1189
1190
1191
1225
1226
1227
1228
1229
1230
1231
1232
1233
1234
1235
1352
1400
1492
1581
1582
1583
1584
1585
1586
1635
1649
1650
1656
1689
1697
1713
1714
1719
1726
1765
1774
1781
1811
1815
1846
1848
1858
1861
1863
1866
1867
1870
1875
1882
1883
